,teams,team 1 pts,team 2 pts,date,location,venue,weather
0,"<title>September 5, 2019 - Green Bay Packers at Chicago Bears Game Statistics</title>",3,10,"Date: September 5, 2019 Location: Chicago, IL","Date: September 5, 2019 Location: Chicago, IL",Venue: Soldier Field Attendance: 62435,"Weather: Clear 65 F Humidity: 69%, Wind: E 10 mph"
0,"<title>September 8, 2019 - Los Angeles Rams at Carolina Panthers Game Statistics</title>",27,30,"Date: September 8, 2019 Location: Charlotte, NC","Date: September 8, 2019 Location: Charlotte, NC",Venue: Bank of America Stadium Attendance: 72005,"Weather: Sunny Temp: 87 F Humidity: 53%, Wind: NNE 3 mph"
0,"<title>September 8, 2019 - Tennessee Titans at Cleveland Browns Game Statistics</title>",13,43,"Date: September 8, 2019 Location: Cleveland, OH","Date: September 8, 2019 Location: Cleveland, OH",Venue: FirstEnergy Stadium Attendance: 67431,"Weather: Partly Cloudy Temp: 71 F Humidity: 55%, Wind: NE 10 mph"
0,"<title>September 8, 2019 - Kansas City Chiefs at Jacksonville Jaguars Game Statistics</title>",26,40,"Date: September 8, 2019 Location: Jacksonville, FL","Date: September 8, 2019 Location: Jacksonville, FL",Venue: TIAA Bank Field Attendance: 60157,"Weather: Clear Temp: 91 F Humidity: 54%, Wind: WSW 6mph"
0,"<title>September 8, 2019 - Baltimore Ravens at Miami Dolphins Game Statistics</title>",59,10,"Date: September 8, 2019 Location: Miami Gardens, FL","Date: September 8, 2019 Location: Miami Gardens, FL",Venue: Hard Rock Stadium Attendance: 65012,"Weather: Mostly Cloudy 91 F Humidity: 56%, Wind: SSE 8 mph"
0,"<title>September 8, 2019 - Atlanta Falcons at Minnesota Vikings Game Statistics</title>",12,28,"Date: September 8, 2019 Location: Minneapolis, MN","Date: September 8, 2019 Location: Minneapolis, MN",Venue: US Bank Stadium Attendance: 66714,Weather: Indoors
0,"<title>September 8, 2019 - Buffalo Bills at New York Jets Game Statistics</title>",17,16,"Date: September 8, 2019 Location: East Rutherford, NJ","Date: September 8, 2019 Location: East Rutherford, NJ",Venue: MetLife Stadium Attendance: 78523,"Weather: Mostly Sunny Temp: 7777 F Humidity: 46%, Wind: WNW 6 mph"
0,"<title>September 8, 2019 - Washington Redskins at Philadelphia Eagles Game Statistics</title>",32,27,"Date: September 8, 2019 Location: Philadelphia, PA","Date: September 8, 2019 Location: Philadelphia, PA",Venue: Lincoln Financial Field Attendance: 69696,"Weather: Sunny Temp: 79 F Humidity: 49%, Wind: W 4 mph"
0,"<title>September 8, 2019 - Indianapolis Colts at Los Angeles Chargers Game Statistics</title>",24,30,"Date: September 8, 2019 Location: Carson, CA","Date: September 8, 2019 Location: Carson, CA",Venue: Dignity Healh Sports Park Attendance: 25363,"Weather: Sunny Temp: 77 F Humidity: 52%, Wind: SW 10 mph"
0,"<title>September 8, 2019 - Cincinnati Bengals at Seattle Seahawks Game Statistics</title>",20,21,"Date: September 8, 2019 Location: Seattle, WA","Date: September 8, 2019 Location: Seattle, WA",Venue: CenturyLink Field Attendance: 68710,"Weather: Cloudy Temp: 64 F Humidity: 82%, Wind: S 7 mph"
0,"<title>September 8, 2019 - Detroit Lions at Arizona Cardinals Game Statistics</title>",27,27,"Date: September 8, 2019 Location: Glendale, AZ","Date: September 8, 2019 Location: Glendale, AZ",Venue: State Farm Stadium Attendance: 60687,Weather: Indoors
0,"<title>September 8, 2019 - New York Giants at Dallas Cowboys Game Statistics</title>",35,17,"Date: September 8, 2019 Location: Arlington, TX","Date: September 8, 2019 Location: Arlington, TX",Venue: AT&T Stadium Attendance: 90353,Weather: Indoors
0,"<title>September 8, 2019 - San Francisco 49ers at Tampa Bay Buccaneers Game Statistics</title>",31,17,"Date: September 8, 2019 Location: Tampa, FL","Date: September 8, 2019 Location: Tampa, FL",Venue: Raymond James Stadium Attendance: 55976,"Weather: Cloudy Temp: 93 F Humidity: 52%, Wind: SW 9 mph"
0,"<title>September 8, 2019 - Pittsburgh Steelers at New England Patriots Game Statistics</title>",33,3,"Date: September 8, 2019 Location: Foxborough, MA","Date: September 8, 2019 Location: Foxborough, MA",Venue: Gillette Stadium Attendance: 65878,"Weather: Partly cloudy Temp: 66 F Humidity: 62%, Wind: NW 2 mph"
0,"<title>September 9, 2019 - Houston Texans at New Orleans Saints Game Statistics</title>",28,30,"Date: September 9, 2019 Location: New Orleans, LA","Date: September 9, 2019 Location: New Orleans, LA",Venue: Mercedes-Benz Superdome Attendance: 73039,Weather: Indoors
0,"<title>September 9, 2019 - Denver Broncos at Oakland Raiders Game Statistics</title>",16,24,"Date: September 9, 2019 Location: Oakland, CA","Date: September 9, 2019 Location: Oakland, CA",Venue: Oakland-Alameda County Coliseum Attendance: 52359,"Weather: Temp: 68 F Humidity: 66%, Wind: W 15 mph"
0,"<title>September 12, 2019 - Tampa Bay Buccaneers at Carolina Panthers Game Statistics</title>",14,20,"Date: September 12, 2019 Location: Charlotte, NC","Date: September 12, 2019 Location: Charlotte, NC",Venue: Bank of America Stadium Attendance: 71101,"Weather: Cloudy Temp: 85 F Humidity: 55%, Wind: ENE 3 mph"
0,"<title>September 15, 2019 - Arizona Cardinals at Baltimore Ravens Game Statistics</title>",17,23,"Date: September 15, 2019 Location: Baltimore, MD","Date: September 15, 2019 Location: Baltimore, MD",Venue: M&T Bank Stadium Attendance: 70126,"Weather: Sunny Temp: 82 F Humidity: 60%, Wind: NNW 8 mph"
0,"<title>September 15, 2019 - San Francisco 49ers at Cincinnati Bengals Game Statistics</title>",17,41,"Date: September 15, 2019 Location: Cincinnati, OH","Date: September 15, 2019 Location: Cincinnati, OH",Venue: Paul Brown Stadium Attendance: 50666,"Weather: Mostly Sunny Temp: 81 F Humidity: 45%, Wind: E 5 mph"
0,"<title>September 15, 2019 - Los Angeles Chargers at Detroit Lions Game Statistics</title>",13,10,"Date: September 15, 2019 Location: Detroit, MI","Date: September 15, 2019 Location: Detroit, MI",Venue: Ford Field Attendance: 60158,Weather: Indoors
0,"<title>September 15, 2019 - Minnesota Vikings at Green Bay Packers Game Statistics</title>",21,16,"Date: September 15, 2019 Location: Green Bay, WI","Date: September 15, 2019 Location: Green Bay, WI",Venue: Lambeau Field Attendance: 78416,"Weather: Cloudy Temp: 72 F Humidity: 75%, Wind: S 5 mph"
0,"<title>September 15, 2019 - Jacksonville Jaguars at Houston Texans Game Statistics</title>",13,12,"Date: September 15, 2019 Location: Houston, TX","Date: September 15, 2019 Location: Houston, TX",Venue: NRG Stadium Attendance: 71651,"Weather: Sunny Temp: 89 F Humidity: 52%, Wind: NE 10mph"
0,"<title>September 15, 2019 - New England Patriots at Miami Dolphins Game Statistics</title>",0,43,"Date: September 15, 2019 Location: Miami Gardens, FL","Date: September 15, 2019 Location: Miami Gardens, FL",Venue: Hard Rock Stadium Attendance: 65513,"Weather: Mostly Cloudy Temp: 87 F Humidity: 67%, Wind: S 4 mph"
0,"<title>September 15, 2019 - Buffalo Bills at New York Giants Game Statistics</title>",28,14,"Date: September 15, 2019 Location: East Rutherford, NJ","Date: September 15, 2019 Location: East Rutherford, NJ",Venue: MetLife Stadium Attendance: 74569,"Weather: Fair Temp: 79 F Humidity: 48%, Wind: NNW 5 mph"
0,"<title>September 15, 2019 - Seattle Seahawks at Pittsburgh Steelers Game Statistics</title>",26,28,"Date: September 15, 2019 Location: Pittsburgh, PA","Date: September 15, 2019 Location: Pittsburgh, PA",Venue: Heinz Field Attendance: 65063,"Weather: Sunny Temp: 81 F Humidity: 51%, Wind: S 3 mph"
0,"<title>September 15, 2019 - Indianapolis Colts at Tennessee Titans Game Statistics</title>",19,17,"Date: September 15, 2019 Location: Nashville, TN","Date: September 15, 2019 Location: Nashville, TN",Venue: Nissan Stadium Attendance: 62849,"Weather: Sunny Temp: 93 F Humidity: 45%, Wind: NE 1 mph"
0,"<title>September 15, 2019 - Dallas Cowboys at Washington Redskins Game Statistics</title>",31,21,"Date: September 15, 2019 Location: Landover, MD","Date: September 15, 2019 Location: Landover, MD",Venue: FedExField Attendance: 75128,"Weather: Sunny Temp: 80 F Humidity: 46%, Wind: WNW 7 mph"
0,"<title>September 15, 2019 - Kansas City Chiefs at Oakland Raiders Game Statistics</title>",28,10,"Date: September 15, 2019 Location: Oakland, CA","Date: September 15, 2019 Location: Oakland, CA",Venue: Oakland-Alameda County Coliseum Attendance: 52748,"Weather: Sunny Temp: 70 F Humidity: 61%, Wind: WSW 13 mph"
0,"<title>September 15, 2019 - Chicago Bears at Denver Broncos Game Statistics</title>",16,14,"Date: September 15, 2019 Location: Denver, CO","Date: September 15, 2019 Location: Denver, CO",Venue: Broncos Stadium Attendance: 76885,"Weather: Mostly Sunny Temp: 87 F Humidity: 14%, Wind: E 3 mph"
0,"<title>September 15, 2019 - New Orleans Saints at Los Angeles Rams Game Statistics</title>",27,9,"Date: September 15, 2019 Location: Los Angeles, CA","Date: September 15, 2019 Location: Los Angeles, CA",Venue: Memorial Coliseum Attendance: 71460,"Weather: Cloudy Temp: 85 F Humidity: 44%, Wind: N 4 mph"
0,"<title>September 15, 2019 - Philadelphia Eagles at Atlanta Falcons Game Statistics</title>",24,20,"Date: September 15, 2019 Location: Atlanta, GA","Date: September 15, 2019 Location: Atlanta, GA",Venue: Mercedes-Benz Stadium Attendance: 72443,Weather: Partly cloudy
0,"<title>September 16, 2019 - Cleveland Browns at New York Jets Game Statistics</title>",23,3,"Date: September 16, 2019 Location: East Rutherford, NJ","Date: September 16, 2019 Location: East Rutherford, NJ",Venue: MetLife Stadium Attendance: 78523,"Weather: Cloudy Temp: 72 F Humidity: 69%, Wind: N 3 mph"
0,"<title>September 19, 2019 - Tennessee Titans at Jacksonville Jaguars Game Statistics</title>",20,7,"Date: September 19, 2019 Location: Jacksonville, FL","Date: September 19, 2019 Location: Jacksonville, FL",Venue: TIAA Bank Field Attendance: 58613,"Weather: Light rain Temp: 73 F Humidity: 87%, Wind: NE 9mph"
0,"<title>September 22, 2019 - Cincinnati Bengals at Buffalo Bills Game Statistics</title>",21,17,"Date: September 22, 2019 Location: Orchard Park, NY","Date: September 22, 2019 Location: Orchard Park, NY",Venue: New Era Field Attendance: 69448,"Weather: Mostly sunny Temp: 83 F Humidity: 53%, Wind: WSW 13 mph"
0,"<title>September 22, 2019 - Miami Dolphins at Dallas Cowboys Game Statistics</title>",31,6,"Date: September 22, 2019 Location: Arlington, TX","Date: September 22, 2019 Location: Arlington, TX",Venue: AT&T Stadium Attendance: 90127,Weather: Indoors
0,"<title>September 22, 2019 - Denver Broncos at Green Bay Packers Game Statistics</title>",16,27,"Date: September 22, 2019 Location: Green Bay, WI","Date: September 22, 2019 Location: Green Bay, WI",Venue: Lambeau Field Attendance: 78078,"Weather: Rain Temp: 69 F Humidity: 93%, Wind: S-SW 7 mph"
0,"<title>September 22, 2019 - Atlanta Falcons at Indianapolis Colts Game Statistics</title>",24,27,"Date: September 22, 2019 Location: Indianapolis, IN","Date: September 22, 2019 Location: Indianapolis, IN",Venue: Lucas Oil Stadium Attendance: 60295,Weather: Indoors
0,"<title>September 22, 2019 - Baltimore Ravens at Kansas City Chiefs Game Statistics</title>",28,33,"Date: September 22, 2019 Location: Kansas City, MO","Date: September 22, 2019 Location: Kansas City, MO",Venue: Arrowhead Stadium Attendance: 73390,"Weather: Cloudy Temp: 71 F Humidity: 87%, Wind: W 3 mph"
0,"<title>September 22, 2019 - Oakland Raiders at Minnesota Vikings Game Statistics</title>",34,14,"Date: September 22, 2019 Location: Minneapolis, MN","Date: September 22, 2019 Location: Minneapolis, MN",Venue: US Bank Stadium Attendance: 66738,Weather: Indoors
0,"<title>September 22, 2019 - New York Jets at New England Patriots Game Statistics</title>",30,14,"Date: September 22, 2019 Location: Foxborough, MA","Date: September 22, 2019 Location: Foxborough, MA",Venue: Gillette Stadium Attendance: 65878,"Weather: Sunny Temp: 81 F Humidity: 49%, Wind: SW 10 mph"
0,"<title>September 22, 2019 - Detroit Lions at Philadelphia Eagles Game Statistics</title>",27,24,"Date: September 22, 2019 Location: Philadelphia, PA","Date: September 22, 2019 Location: Philadelphia, PA",Venue: Lincoln Financial Field Attendance: 69796,"Weather: Sunny Temp: 84 F Humidity: 53%, Wind: SSW 7 mph"
0,"<title>September 22, 2019 - Carolina Panthers at Arizona Cardinals Game Statistics</title>",20,38,"Date: September 22, 2019 Location: Glendale, AZ","Date: September 22, 2019 Location: Glendale, AZ",Venue: State Farm Stadium Attendance: 60104,Weather: Indoors
0,"<title>September 22, 2019 - New York Giants at Tampa Bay Buccaneers Game Statistics</title>",32,31,"Date: September 22, 2019 Location: Tampa, FL","Date: September 22, 2019 Location: Tampa, FL",Venue: Raymond James Stadium Attendance: 55070,"Weather: Cloudy Temp: 88 F Humidity: 46%, Wind: E 11 mph"
0,"<title>September 22, 2019 - Houston Texans at Los Angeles Chargers Game Statistics</title>",27,20,"Date: September 22, 2019 Location: Carson, CA","Date: September 22, 2019 Location: Carson, CA",Venue: Dignity Healh Sports Park Attendance: 25349,"Weather: Partly Cloudy Temp: 87 F Humidity: 37%, Wind: S 4 mph"
0,"<title>September 22, 2019 - New Orleans Saints at Seattle Seahawks Game Statistics</title>",33,27,"Date: September 22, 2019 Location: Seattle, WA","Date: September 22, 2019 Location: Seattle, WA",Venue: CenturyLink Field Attendance: 69005,"Weather: Rain Temp: 63 F Humidity: 85%, Wind: 8 SSE mph"
0,"<title>September 22, 2019 - Pittsburgh Steelers at San Francisco 49ers Game Statistics</title>",20,24,"Date: September 22, 2019 Location: Santa Clara, CA","Date: September 22, 2019 Location: Santa Clara, CA",Venue: Levi's Stadium Attendance: 69439,"Weather: Partly Cloudy Temp: 79 F Humidity: 36%, Wind: NW 3 mph"
0,"<title>September 22, 2019 - Los Angeles Rams at Cleveland Browns Game Statistics</title>",13,20,"Date: September 22, 2019 Location: Cleveland, OH","Date: September 22, 2019 Location: Cleveland, OH",Venue: FirstEnergy Stadium Attendance: 67895,"Weather: Mostly Clear Temp: 83 F Humidity: 33%, Wind: SSW 12 mph"
0,"<title>September 23, 2019 - Chicago Bears at Washington Redskins Game Statistics</title>",31,15,"Date: September 23, 2019 Location: Landover, MD","Date: September 23, 2019 Location: Landover, MD",Venue: FedExField Attendance: 67327,"Weather: Cloudy Temp: 87 F Humidity: 39%, Wind: SW 5 mph"
0,"<title>September 26, 2019 - Philadelphia Eagles at Green Bay Packers Game Statistics</title>",27,34,"Date: September 26, 2019 Location: Green Bay, WI","Date: September 26, 2019 Location: Green Bay, WI",Venue: Lambeau Field Attendance: 77509,"Weather: Cloudy Temp: 60 F Humidity: 62%, Wind: S 3 mph"
0,"<title>September 29, 2019 - Tennessee Titans at Atlanta Falcons Game Statistics</title>",10,24,"Date: September 29, 2019 Location: Atlanta, GA","Date: September 29, 2019 Location: Atlanta, GA",Venue: Mercedes-Benz Stadium Attendance: 72108,Weather: Indoors
0,"<title>September 29, 2019 - Cleveland Browns at Baltimore Ravens Game Statistics</title>",25,40,"Date: September 29, 2019 Location: Baltimore, MD","Date: September 29, 2019 Location: Baltimore, MD",Venue: M&T Bank Stadium Attendance: 70686,"Weather: Partly Cloudy Temp: 83 F Humidity: 57%, Wind: NE 8 mph"
0,"<title>September 29, 2019 - New England Patriots at Buffalo Bills Game Statistics</title>",10,16,"Date: September 29, 2019 Location: Orchard Park, NY","Date: September 29, 2019 Location: Orchard Park, NY",Venue: New Era Field Attendance: 70317,"Weather: Mostly cloudy Temp: 58 F Humidity: 71%, Wind: E 10 mph"
0,"<title>September 29, 2019 - Kansas City Chiefs at Detroit Lions Game Statistics</title>",30,34,"Date: September 29, 2019 Location: Detroit, MI","Date: September 29, 2019 Location: Detroit, MI",Venue: Ford Field Attendance: 65188,Weather: Indoors
0,"<title>September 29, 2019 - Carolina Panthers at Houston Texans Game Statistics</title>",16,10,"Date: September 29, 2019 Location: Houston, TX","Date: September 29, 2019 Location: Houston, TX",Venue: NRG Stadium Attendance: 71699,"Weather: Mostly Cloudy Temp: 89 F Humidity: 61%, Wind: SE 6mph"
0,"<title>September 29, 2019 - Oakland Raiders at Indianapolis Colts Game Statistics</title>",24,31,"Date: September 29, 2019 Location: Indianapolis, IN","Date: September 29, 2019 Location: Indianapolis, IN",Venue: Lucas Oil Stadium Attendance: 62259,Weather: Indoors
0,"<title>September 29, 2019 - Los Angeles Chargers at Miami Dolphins Game Statistics</title>",30,10,"Date: September 29, 2019 Location: Miami Gardens, FL","Date: September 29, 2019 Location: Miami Gardens, FL",Venue: Hard Rock Stadium Attendance: 64278,"Weather: Mostly Cloudy Temp: 88 F Humidity: 53%, Wind: ENE 15 mph"
0,"<title>September 29, 2019 - Washington Redskins at New York Giants Game Statistics</title>",24,3,"Date: September 29, 2019 Location: East Rutherford, NJ","Date: September 29, 2019 Location: East Rutherford, NJ",Venue: MetLife Stadium Attendance: 74149,"Weather: Fair Temp: 77 F Humidity: 42%, Wind: NNE 11 mph"
0,"<title>September 29, 2019 - Seattle Seahawks at Arizona Cardinals Game Statistics</title>",10,27,"Date: September 29, 2019 Location: Glendale, AZ","Date: September 29, 2019 Location: Glendale, AZ",Venue: State Farm Stadium Attendance: 60500,Weather: Indoors
0,"<title>September 29, 2019 - Tampa Bay Buccaneers at Los Angeles Rams Game Statistics</title>",40,55,"Date: September 29, 2019 Location: Los Angeles, CA","Date: September 29, 2019 Location: Los Angeles, CA",Venue: Memorial Coliseum Attendance: 68117,"Weather: Mostly Sunny Temp: 74 F Humidity: 41%, Wind: SW 2 mph"
0,"<title>September 29, 2019 - Minnesota Vikings at Chicago Bears Game Statistics</title>",16,6,"Date: September 29, 2019 Location: Chicago, IL","Date: September 29, 2019 Location: Chicago, IL",Venue: Soldier Field Attendance: 62131,"Weather: Cloudy Temp: 67 F Humidity: 89%, Wind: E 8 mph"
0,"<title>September 29, 2019 - Jacksonville Jaguars at Denver Broncos Game Statistics</title>",24,26,"Date: September 29, 2019 Location: Denver, CO","Date: September 29, 2019 Location: Denver, CO",Venue: Broncos Stadium Attendance: 76219,"Weather: Sunny Temp: 87 F Humidity: 11%, Wind: SW14 Windgust: 24 mph"
0,"<title>September 29, 2019 - Dallas Cowboys at New Orleans Saints Game Statistics</title>",10,12,"Date: September 29, 2019 Location: New Orleans, LA","Date: September 29, 2019 Location: New Orleans, LA",Venue: Mercedes-Benz Superdome Attendance: 73086,Weather: Indoors
0,"<title>September 30, 2019 - Cincinnati Bengals at Pittsburgh Steelers Game Statistics</title>",3,27,"Date: September 30, 2019 Location: Pittsburgh, PA","Date: September 30, 2019 Location: Pittsburgh, PA",Venue: Heinz Field Attendance: 57959,"Weather: Clear Temp: 76 F Humidity: 72%, Wind: S 1 mph"
0,"<title>October 3, 2019 - Los Angeles Rams at Seattle Seahawks Game Statistics</title>",29,30,"Date: October 3, 2019 Location: Seattle, WA","Date: October 3, 2019 Location: Seattle, WA",Venue: CenturyLink Field Attendance: 68988,"Weather: Cloudy Temp: 57 F Humidity: 56%, Wind: SW 7 mph"
0,"<title>October 6, 2019 - Jacksonville Jaguars at Carolina Panthers Game Statistics</title>",34,27,"Date: October 6, 2019 Location: Charlotte, NC","Date: October 6, 2019 Location: Charlotte, NC",Venue: Bank of America Stadium Attendance: 72762,"Weather: Cloudy Temp: 72 F Humidity: 59%, Wind: ESE 4 mph"
0,"<title>October 6, 2019 - Arizona Cardinals at Cincinnati Bengals Game Statistics</title>",26,23,"Date: October 6, 2019 Location: Cincinnati, OH","Date: October 6, 2019 Location: Cincinnati, OH",Venue: Paul Brown Stadium Attendance: 46012,"Weather: Cloudy Temp: 76 F Humidity: 68%, Wind: SW 6 mph Gusts to 10 mph"
0,"<title>October 6, 2019 - Atlanta Falcons at Houston Texans Game Statistics</title>",32,53,"Date: October 6, 2019 Location: Houston, TX","Date: October 6, 2019 Location: Houston, TX",Venue: NRG Stadium Attendance: 71787,"Weather: Partly Cloudy Temp: 86 F Humidity: 63%, Wind: E 4 mph"
0,"<title>October 6, 2019 - Tampa Bay Buccaneers at New Orleans Saints Game Statistics</title>",31,24,"Date: October 6, 2019 Location: New Orleans, LA","Date: October 6, 2019 Location: New Orleans, LA",Venue: Mercedes-Benz Superdome Attendance: 73029,Weather: Indoors
0,"<title>October 6, 2019 - Minnesota Vikings at New York Giants Game Statistics</title>",28,10,"Date: October 6, 2019 Location: East Rutherford, NJ","Date: October 6, 2019 Location: East Rutherford, NJ",Venue: MetLife Stadium Attendance: 75041,"Weather: Cloudy Temp: 66 F Humidity: 73%, Wind: S 10 mph"
0,"<title>October 6, 2019 - Chicago Bears at Oakland Raiders Game Statistics</title>",21,24,"Date: October 6, 2019 Location: London, England","Date: October 6, 2019 Location: London, England",Venue: Tottenham Hotspur Stadium Attendance: 60463,"Weather: Cloudy Temp: 59 F Humidity: 60%, Wind: WNW 15 mph"
0,"<title>October 6, 2019 - New York Jets at Philadelphia Eagles Game Statistics</title>",6,31,"Date: October 6, 2019 Location: Philadelphia, PA","Date: October 6, 2019 Location: Philadelphia, PA",Venue: Lincoln Financial Field Attendance: 69796,"Weather: Cloudy Temp: 68 F Humidity: 68%, Wind: S 10 mph"
0,"<title>October 6, 2019 - Baltimore Ravens at Pittsburgh Steelers Game Statistics</title>",26,23,"Date: October 6, 2019 Location: Pittsburgh, PA","Date: October 6, 2019 Location: Pittsburgh, PA",Venue: Heinz Field Attendance: 64037,"Weather: Rain Temp: 70 F Humidity: 74%, Wind: SW 7 mph"
0,"<title>October 6, 2019 - Buffalo Bills at Tennessee Titans Game Statistics</title>",14,7,"Date: October 6, 2019 Location: Nashville, TN","Date: October 6, 2019 Location: Nashville, TN",Venue: Nissan Stadium Attendance: 66910,"Weather: Cloudy Temp: 77 F Humidity: 71%, Wind: S 13 mph"
0,"<title>October 6, 2019 - New England Patriots at Washington Redskins Game Statistics</title>",33,7,"Date: October 6, 2019 Location: Landover, MD","Date: October 6, 2019 Location: Landover, MD",Venue: FedExField Attendance: 76483,"Weather: Cloudy Temp: 70 F Humidity: 66%, Wind: S 8 mph"
0,"<title>October 6, 2019 - Denver Broncos at Los Angeles Chargers Game Statistics</title>",20,13,"Date: October 6, 2019 Location: Carson, CA","Date: October 6, 2019 Location: Carson, CA",Venue: Dignity Healh Sports Park Attendance: 25357,"Weather: Sunny Temp: 85 F Humidity: 35%, Wind: W 12 mph"
0,"<title>October 6, 2019 - Green Bay Packers at Dallas Cowboys Game Statistics</title>",24,34,"Date: October 6, 2019 Location: Arlington, TX","Date: October 6, 2019 Location: Arlington, TX",Venue: AT&T Stadium Attendance: 93024,Weather: Indoors
0,"<title>October 6, 2019 - Indianapolis Colts at Kansas City Chiefs Game Statistics</title>",19,13,"Date: October 6, 2019 Location: Kansas City, MO","Date: October 6, 2019 Location: Kansas City, MO",Venue: Arrowhead Stadium Attendance: 73352,"Weather: Cloudy Temp: 59 F Humidity: 75%, Wind: W 3 mph"
0,"<title>October 7, 2019 - Cleveland Browns at San Francisco 49ers Game Statistics</title>",3,31,"Date: October 7, 2019 Location: Santa Clara, CA","Date: October 7, 2019 Location: Santa Clara, CA",Venue: Levi's Stadium Attendance: 70042,"Weather: Clear Temp: 87 F Humidity: 36%, Wind: NW 8 mph"
0,"<title>October 10, 2019 - New York Giants at New England Patriots Game Statistics</title>",35,14,"Date: October 10, 2019 Location: Foxborough, MA","Date: October 10, 2019 Location: Foxborough, MA",Venue: Gillette Stadium Attendance: 65878,"Weather: Mostly Cloudy Temp: 54 F Humidity: 61%, Wind: NNE 13 mph"
0,"<title>October 13, 2019 - Carolina Panthers at Tampa Bay Buccaneers Game Statistics</title>",37,26,"Date: October 13, 2019 Location: London, England","Date: October 13, 2019 Location: London, England",Venue: Tottenham Hotspur Stadium Attendance: 60087,"Weather: Mostly Cloudy Temp: 61 F Humidity: 86%, Wind: SW 14 mph"
0,"<title>October 13, 2019 - Cincinnati Bengals at Baltimore Ravens Game Statistics</title>",23,17,"Date: October 13, 2019 Location: Baltimore, MD","Date: October 13, 2019 Location: Baltimore, MD",Venue: M&T Bank Stadium Attendance: 70051,"Weather: Cloudy Temp: 64 F Humidity: 43%, Wind: E 7 mph"
0,"<title>October 13, 2019 - Seattle Seahawks at Cleveland Browns Game Statistics</title>",28,32,"Date: October 13, 2019 Location: Cleveland, OH","Date: October 13, 2019 Location: Cleveland, OH",Venue: FirstEnergy Stadium Attendance: 67431,"Weather: Sunny Temp: 58 F Humidity: 38%, Wind: S 20 mph"
0,"<title>October 13, 2019 - New Orleans Saints at Jacksonville Jaguars Game Statistics</title>",6,13,"Date: October 13, 2019 Location: Jacksonville, FL","Date: October 13, 2019 Location: Jacksonville, FL",Venue: TIAA Bank Field Attendance: 64341,"Weather: Sunny Temp: 81 F Humidity: 56%, Wind: SSW 3 mph"
0,"<title>October 13, 2019 - Houston Texans at Kansas City Chiefs Game Statistics</title>",31,24,"Date: October 13, 2019 Location: Kansas City, MO","Date: October 13, 2019 Location: Kansas City, MO",Venue: Arrowhead Stadium Attendance: 73323,"Weather: Sunny Temp: 56 F Humidity: 47%, Wind: N 2 mph"
0,"<title>October 13, 2019 - Washington Redskins at Miami Dolphins Game Statistics</title>",16,17,"Date: October 13, 2019 Location: Miami Gardens, FL","Date: October 13, 2019 Location: Miami Gardens, FL",Venue: Hard Rock Stadium Attendance: 59808,"Weather: Cloudy Temp: 84 F Humidity: 66%, Wind: E 13 mph"
0,"<title>October 13, 2019 - Philadelphia Eagles at Minnesota Vikings Game Statistics</title>",38,20,"Date: October 13, 2019 Location: Minneapolis, MN","Date: October 13, 2019 Location: Minneapolis, MN",Venue: US Bank Stadium Attendance: 66837,Weather: Indoors
0,"<title>October 13, 2019 - Atlanta Falcons at Arizona Cardinals Game Statistics</title>",34,33,"Date: October 13, 2019 Location: Glendale, AZ","Date: October 13, 2019 Location: Glendale, AZ",Venue: State Farm Stadium Attendance: 60140,Weather: Indoors
0,"<title>October 13, 2019 - San Francisco 49ers at Los Angeles Rams Game Statistics</title>",7,20,"Date: October 13, 2019 Location: Los Angeles, CA","Date: October 13, 2019 Location: Los Angeles, CA",Venue: Memorial Coliseum Attendance: 75695,"Weather: Sunny Temp: 77 F Humidity: 42%, Wind: WNW 2 mph"
0,"<title>October 13, 2019 - Tennessee Titans at Denver Broncos Game Statistics</title>",16,0,"Date: October 13, 2019 Location: Denver, CO","Date: October 13, 2019 Location: Denver, CO",Venue: Broncos Stadium Attendance: 75815,"Weather: Sunny Temp: 69 F Humidity: 9%, Wind: E 7 mph"
0,"<title>October 13, 2019 - Dallas Cowboys at New York Jets Game Statistics</title>",22,24,"Date: October 13, 2019 Location: East Rutherford, NJ","Date: October 13, 2019 Location: East Rutherford, NJ",Venue: MetLife Stadium Attendance: 78523,"Weather: Mostly Sunny Temp: 66 F Humidity: 38%, Wind: SSE 7 mph"
0,"<title>October 13, 2019 - Pittsburgh Steelers at Los Angeles Chargers Game Statistics</title>",17,24,"Date: October 13, 2019 Location: Carson, CA","Date: October 13, 2019 Location: Carson, CA",Venue: Dignity Healh Sports Park Attendance: 25425,"Weather: Clear Temp: 71 F Humidity: 61%, Wind: SW 9 mph"
0,"<title>October 14, 2019 - Detroit Lions at Green Bay Packers Game Statistics</title>",22,23,"Date: October 14, 2019 Location: Green Bay, WI","Date: October 14, 2019 Location: Green Bay, WI",Venue: Lambeau Field Attendance: 76947,"Weather: Cloudy Temp: 43 F Humidity: 73%, Wind: SW 5 mph"
0,"<title>October 17, 2019 - Kansas City Chiefs at Denver Broncos Game Statistics</title>",6,30,"Date: October 17, 2019 Location: Denver, CO","Date: October 17, 2019 Location: Denver, CO",Venue: Broncos Stadium Attendance: 76748,"Weather: Mostly Cloudy Temp: 75 F Humidity: 7%, Wind: NE 6 mph"
0,"<title>October 20, 2019 - Los Angeles Rams at Atlanta Falcons Game Statistics</title>",10,37,"Date: October 20, 2019 Location: Atlanta, GA","Date: October 20, 2019 Location: Atlanta, GA",Venue: Mercedes-Benz Stadium Attendance: 71856,"Weather: Cloudy Temp: 66 F Humidity: 79%, Wind: 0 mph"
0,"<title>October 20, 2019 - Miami Dolphins at Buffalo Bills Game Statistics</title>",31,21,"Date: October 20, 2019 Location: Orchard Park, NY","Date: October 20, 2019 Location: Orchard Park, NY",Venue: New Era Field Attendance: 68340,"Weather: Mostly sunny Temp: 65 F Humidity: 54%, Wind: SW 7 mph"
0,"<title>October 20, 2019 - Jacksonville Jaguars at Cincinnati Bengals Game Statistics</title>",17,27,"Date: October 20, 2019 Location: Cincinnati, OH","Date: October 20, 2019 Location: Cincinnati, OH",Venue: Paul Brown Stadium Attendance: 42784,"Weather: Partly Sunny Temp: 70 F Humidity: 63%, Wind: NNW 2 mph Gusts to 5 mph"
0,"<title>October 20, 2019 - Minnesota Vikings at Detroit Lions Game Statistics</title>",30,42,"Date: October 20, 2019 Location: Detroit, MI","Date: October 20, 2019 Location: Detroit, MI",Venue: Ford Field Attendance: 60314,Weather: Indoors
0,"<title>October 20, 2019 - Oakland Raiders at Green Bay Packers Game Statistics</title>",42,24,"Date: October 20, 2019 Location: Green Bay, WI","Date: October 20, 2019 Location: Green Bay, WI",Venue: Lambeau Field Attendance: 78160,"Weather: Sunny Temp: 55 F Humidity: 74%, Wind: SW 6 mph"
0,"<title>October 20, 2019 - Houston Texans at Indianapolis Colts Game Statistics</title>",23,30,"Date: October 20, 2019 Location: Indianapolis, IN","Date: October 20, 2019 Location: Indianapolis, IN",Venue: Lucas Oil Stadium Attendance: 59977,"Weather: Partly Sunny Temp: 66 F Humidity: 56%, Wind: NNW 2 mph"
0,"<title>October 20, 2019 - Arizona Cardinals at New York Giants Game Statistics</title>",27,21,"Date: October 20, 2019 Location: East Rutherford, NJ","Date: October 20, 2019 Location: East Rutherford, NJ",Venue: MetLife Stadium Attendance: 73577,"Weather: Light Rain Temp: 56 F Humidity: 78%, Wind: N 3 mph"
0,"<title>October 20, 2019 - San Francisco 49ers at Washington Redskins Game Statistics</title>",9,0,"Date: October 20, 2019 Location: Landover, MD","Date: October 20, 2019 Location: Landover, MD",Venue: FedExField Attendance: 61459,"Weather: Rain Temp: 55 F Humidity: 93%, Wind: NNE 12 mph"
0,"<title>October 20, 2019 - Los Angeles Chargers at Tennessee Titans Game Statistics</title>",20,23,"Date: October 20, 2019 Location: Nashville, TN","Date: October 20, 2019 Location: Nashville, TN",Venue: Nissan Stadium Attendance: 62431,"Weather: Sunny Temp: 77 F Humidity: 40%, Wind: SE 2 mph"
0,"<title>October 20, 2019 - New Orleans Saints at Chicago Bears Game Statistics</title>",25,36,"Date: October 20, 2019 Location: Chicago, IL","Date: October 20, 2019 Location: Chicago, IL",Venue: Soldier Field Attendance: 62306,"Weather: Partly Cloudy Temp: 54 F Humidity: 84%, Wind: NE 6 mph"
0,"<title>October 20, 2019 - Baltimore Ravens at Seattle Seahawks Game Statistics</title>",30,16,"Date: October 20, 2019 Location: Seattle, WA","Date: October 20, 2019 Location: Seattle, WA",Venue: CenturyLink Field Attendance: 69012,"Weather: Rain Temp: 50 F Humidity: 79%, Wind: SE 8 mph"
0,"<title>October 20, 2019 - Philadelphia Eagles at Dallas Cowboys Game Statistics</title>",37,10,"Date: October 20, 2019 Location: Arlington, TX","Date: October 20, 2019 Location: Arlington, TX",Venue: AT&T Stadium Attendance: 91213,Weather: Indoors
0,"<title>October 21, 2019 - New England Patriots at New York Jets Game Statistics</title>",33,0,"Date: October 21, 2019 Location: East Rutherford, NJ","Date: October 21, 2019 Location: East Rutherford, NJ",Venue: MetLife Stadium Attendance: 78523,"Weather: Mostly Clear Temp: 58 F Humidity: 73%, Wind: SSW 0 mph"
0,"<title>October 24, 2019 - Washington Redskins at Minnesota Vikings Game Statistics</title>",19,9,"Date: October 24, 2019 Location: Minneapolis, MN","Date: October 24, 2019 Location: Minneapolis, MN",Venue: US Bank Stadium Attendance: 66776,Weather: Indoors
0,"<title>October 27, 2019 - Seattle Seahawks at Atlanta Falcons Game Statistics</title>",20,27,"Date: October 27, 2019 Location: Atlanta, GA","Date: October 27, 2019 Location: Atlanta, GA",Venue: Mercedes-Benz Stadium Attendance: 71483,"Weather: Sunny Temp: 65 F Humidity: 63%, Wind: 0 mph"
0,"<title>October 27, 2019 - Philadelphia Eagles at Buffalo Bills Game Statistics</title>",13,31,"Date: October 27, 2019 Location: Orchard Park, NY","Date: October 27, 2019 Location: Orchard Park, NY",Venue: New Era Field Attendance: 69435,"Weather: Showers Temp: 54 F Humidity: 87%, Wind: WSW 23 mph"
0,"<title>October 27, 2019 - Los Angeles Chargers at Chicago Bears Game Statistics</title>",16,17,"Date: October 27, 2019 Location: Chicago, IL","Date: October 27, 2019 Location: Chicago, IL",Venue: Soldier Field Attendance: 61632,"Weather: Clear Temp: 52 F Humidity: 59%, Wind: W 9 mph"
0,"<title>October 27, 2019 - New York Giants at Detroit Lions Game Statistics</title>",31,26,"Date: October 27, 2019 Location: Detroit, MI","Date: October 27, 2019 Location: Detroit, MI",Venue: Ford Field Attendance: 58509,Weather: Indoors
0,"<title>October 27, 2019 - Denver Broncos at Indianapolis Colts Game Statistics</title>",13,15,"Date: October 27, 2019 Location: Indianapolis, IN","Date: October 27, 2019 Location: Indianapolis, IN",Venue: Lucas Oil Stadium Attendance: 61653,"Weather: Mostly sunny Temp: 55 F Humidity: 73%, Wind: W 10 mph"
0,"<title>October 27, 2019 - New York Jets at Jacksonville Jaguars Game Statistics</title>",29,15,"Date: October 27, 2019 Location: Jacksonville, FL","Date: October 27, 2019 Location: Jacksonville, FL",Venue: TIAA Bank Field Attendance: 57833,"Weather: C;oudy Temp: 79 F Humidity: 87%, Wind: SSW 11 mph"
0,"<title>October 27, 2019 - Cincinnati Bengals at Los Angeles Rams Game Statistics</title>",10,24,"Date: October 27, 2019 Location: London, England","Date: October 27, 2019 Location: London, England",Venue: Wembley Stadium Attendance: 83720,"Weather: Fair Temp: 48 F Humidity: 69%, Wind: WNW 5 mph"
0,"<title>October 27, 2019 - Arizona Cardinals at New Orleans Saints Game Statistics</title>",9,31,"Date: October 27, 2019 Location: New Orleans, LA","Date: October 27, 2019 Location: New Orleans, LA",Venue: Mercedes-Benz Superdome Attendance: 73064,Weather: Indoors
0,"<title>October 27, 2019 - Tampa Bay Buccaneers at Tennessee Titans Game Statistics</title>",23,27,"Date: October 27, 2019 Location: Nashville, TN","Date: October 27, 2019 Location: Nashville, TN",Venue: Nissan Stadium Attendance: 62073,"Weather: Cloudy Temp: 59 F Humidity: 67%, Wind: NE 3 mph"
0,"<title>October 27, 2019 - Carolina Panthers at San Francisco 49ers Game Statistics</title>",13,51,"Date: October 27, 2019 Location: Santa Clara, CA","Date: October 27, 2019 Location: Santa Clara, CA",Venue: Levi's Stadium Attendance: 69083,"Weather: Sunny Temp: 66 F Humidity: 20%, Wind: NW 19 mph"
0,"<title>October 27, 2019 - Oakland Raiders at Houston Texans Game Statistics</title>",27,24,"Date: October 27, 2019 Location: Houston, TX","Date: October 27, 2019 Location: Houston, TX",Venue: NRG Stadium Attendance: 71893,Weather: Indoors
0,"<title>October 27, 2019 - Cleveland Browns at New England Patriots Game Statistics</title>",13,27,"Date: October 27, 2019 Location: Foxborough, MA","Date: October 27, 2019 Location: Foxborough, MA",Venue: Gillette Stadium Attendance: 65878,"Weather: Rain Temp: 49 F Humidity: 91%, Wind: E 11 mph"
0,"<title>October 27, 2019 - Green Bay Packers at Kansas City Chiefs Game Statistics</title>",31,24,"Date: October 27, 2019 Location: Kansas City, MO","Date: October 27, 2019 Location: Kansas City, MO",Venue: Arrowhead Stadium Attendance: 73558,"Weather: Cloudy Temp: 54 F Humidity: 60%, Wind: W 5 mph"
0,"<title>October 28, 2019 - Miami Dolphins at Pittsburgh Steelers Game Statistics</title>",14,27,"Date: October 28, 2019 Location: Pittsburgh, PA","Date: October 28, 2019 Location: Pittsburgh, PA",Venue: Heinz Field Attendance: 59244,"Weather: Clear Temp: 59 F Humidity: 50%, Wind: NE 2 mph"
0,"<title>October 31, 2019 - San Francisco 49ers at Arizona Cardinals Game Statistics</title>",25,28,"Date: October 31, 2019 Location: Glendale, AZ","Date: October 31, 2019 Location: Glendale, AZ",Venue: State Farm Stadium Attendance: 60986,Weather: Indoors
0,"<title>November 3, 2019 - Houston Texans at Jacksonville Jaguars Game Statistics</title>",26,3,"Date: November 3, 2019 Location: London, England","Date: November 3, 2019 Location: London, England",Venue: Wembley Stadium Attendance: 84771,"Weather: Cloudy Temp: 53 F Humidity: 54%, Wind: WSW 6 mph"
0,"<title>November 3, 2019 - Washington Redskins at Buffalo Bills Game Statistics</title>",24,9,"Date: November 3, 2019 Location: Orchard Park, NY","Date: November 3, 2019 Location: Orchard Park, NY",Venue: New Era Field Attendance: 67685,"Weather: Mostly cloudy Temp: 42 F Humidity: 56%, Wind: W 18 mph"
0,"<title>November 3, 2019 - Tennessee Titans at Carolina Panthers Game Statistics</title>",30,20,"Date: November 3, 2019 Location: Charlotte, NC","Date: November 3, 2019 Location: Charlotte, NC",Venue: Bank of America Stadium Attendance: 72540,"Weather: Sunny Temp: 58 F Humidity: 34%, Wind: N 5 mph"
0,"<title>November 3, 2019 - Minnesota Vikings at Kansas City Chiefs Game Statistics</title>",26,23,"Date: November 3, 2019 Location: Kansas City, MO","Date: November 3, 2019 Location: Kansas City, MO",Venue: Arrowhead Stadium Attendance: 73165,"Weather: Sunny Temp: 54 F Humidity: 37%, Wind: SWt15 mph"
0,"<title>November 3, 2019 - New York Jets at Miami Dolphins Game Statistics</title>",26,18,"Date: November 3, 2019 Location: Miami Gardens, FL","Date: November 3, 2019 Location: Miami Gardens, FL",Venue: Hard Rock Stadium Attendance: 59229,"Weather: Mostly Cloudy Temp: 85 F Humidity: 64%, Wind: N 11 mph"
0,"<title>November 3, 2019 - Chicago Bears at Philadelphia Eagles Game Statistics</title>",14,22,"Date: November 3, 2019 Location: Philadelphia, PA","Date: November 3, 2019 Location: Philadelphia, PA",Venue: Lincoln Financial Field Attendance: 69796,"Weather: Sunny Temp: 52 F Humidity: 37%, Wind: WNW 13 mph"
0,"<title>November 3, 2019 - Indianapolis Colts at Pittsburgh Steelers Game Statistics</title>",24,26,"Date: November 3, 2019 Location: Pittsburgh, PA","Date: November 3, 2019 Location: Pittsburgh, PA",Venue: Heinz Field Attendance: 61115,"Weather: Partly Cloudy Temp: 48 F Humidity: 47%, Wind: W 12 mph"
0,"<title>November 3, 2019 - Detroit Lions at Oakland Raiders Game Statistics</title>",24,31,"Date: November 3, 2019 Location: Oakland, CA","Date: November 3, 2019 Location: Oakland, CA",Venue: Oakland-Alameda County Coliseum Attendance: 53318,"Weather: Sunny Temp: 71 F Humidity: 34%, Wind: WNW 6 mph"
0,"<title>November 3, 2019 - Tampa Bay Buccaneers at Seattle Seahawks Game Statistics</title>",40,34,"Date: November 3, 2019 Location: Seattle, WA","Date: November 3, 2019 Location: Seattle, WA",Venue: CenturyLink Field Attendance: 68948,"Weather: Sunny Temp: 54 F Humidity: 66%, Wind: NNW 6 mph"
0,"<title>November 3, 2019 - Cleveland Browns at Denver Broncos Game Statistics</title>",19,24,"Date: November 3, 2019 Location: Denver, CO","Date: November 3, 2019 Location: Denver, CO",Venue: Broncos Stadium Attendance: 76743,"Weather: Mostly Cloudy Temp: 55 F Humidity: 32%, Wind: E 4 mph"
0,"<title>November 3, 2019 - Green Bay Packers at Los Angeles Chargers Game Statistics</title>",11,26,"Date: November 3, 2019 Location: Carson, CA","Date: November 3, 2019 Location: Carson, CA",Venue: Dignity Healh Sports Park Attendance: 25435,"Weather: Sunny Temp: 79 F Humidity: 18%, Wind: SSW 2 mph"
0,"<title>November 3, 2019 - New England Patriots at Baltimore Ravens Game Statistics</title>",37,20,"Date: November 3, 2019 Location: Baltimore, MD","Date: November 3, 2019 Location: Baltimore, MD",Venue: M&T Bank Stadium Attendance: 71157,"Weather: Clear Temp: 48 F Humidity: 41%, Wind: ESE 1 mph"
0,"<title>November 4, 2019 - Dallas Cowboys at New York Giants Game Statistics</title>",37,18,"Date: November 4, 2019 Location: East Rutherford, NJ","Date: November 4, 2019 Location: East Rutherford, NJ",Venue: MetLife Stadium Attendance: 76107,"Weather: Fair Temp: 51 F Humidity: 58%, Wind: S 10 mph"
0,"<title>November 7, 2019 - Los Angeles Chargers at Oakland Raiders Game Statistics</title>",24,26,"Date: November 7, 2019 Location: Oakland, CA","Date: November 7, 2019 Location: Oakland, CA",Venue: Oakland-Alameda County Coliseum Attendance: 51954,"Weather: Partly Cloudy Temp: 54 F Humidity: 84%, Wind: W 9 mph"
0,"<title>November 10, 2019 - Detroit Lions at Chicago Bears Game Statistics</title>",20,13,"Date: November 10, 2019 Location: Chicago, IL","Date: November 10, 2019 Location: Chicago, IL",Venue: Soldier Field Attendance: 61758,"Weather: Overcast Temp: 40 F Humidity: 80%, Wind: N 12 mph"
0,"<title>November 10, 2019 - Baltimore Ravens at Cincinnati Bengals Game Statistics</title>",49,13,"Date: November 10, 2019 Location: Cincinnati, OH","Date: November 10, 2019 Location: Cincinnati, OH",Venue: Paul Brown Stadium Attendance: 45918,"Weather: Mostly sunny Temp: 56 F Humidity: 53%, Wind: SSW 9 mph Gusts to 13 mph"
0,"<title>November 10, 2019 - Buffalo Bills at Cleveland Browns Game Statistics</title>",16,19,"Date: November 10, 2019 Location: Cleveland, OH","Date: November 10, 2019 Location: Cleveland, OH",Venue: FirstEnergy Stadium Attendance: 67431,Weather: Sunny Temp: 50 F Wind: SW 10 mph
0,"<title>November 10, 2019 - Atlanta Falcons at New Orleans Saints Game Statistics</title>",26,9,"Date: November 10, 2019 Location: New Orleans, LA","Date: November 10, 2019 Location: New Orleans, LA",Venue: Mercedes-Benz Superdome Attendance: 73283,Weather: Indoors
0,"<title>November 10, 2019 - New York Giants at New York Jets Game Statistics</title>",27,34,"Date: November 10, 2019 Location: East Rutherford, NJ","Date: November 10, 2019 Location: East Rutherford, NJ",Venue: MetLife Stadium Attendance: 78523,"Weather: Cloudy Temp: 48 F Humidity: 50%, Wind: 8 SSW mph"
0,"<title>November 10, 2019 - Arizona Cardinals at Tampa Bay Buccaneers Game Statistics</title>",27,30,"Date: November 10, 2019 Location: Tampa, FL","Date: November 10, 2019 Location: Tampa, FL",Venue: Raymond James Stadium Attendance: 40038,"Weather: Sunny Temp: 77 F Humidity: 53%, Wind: ENE 8 mph"
0,"<title>November 10, 2019 - Kansas City Chiefs at Tennessee Titans Game Statistics</title>",32,35,"Date: November 10, 2019 Location: Nashville, TN","Date: November 10, 2019 Location: Nashville, TN",Venue: Nissan Stadium Attendance: 68864,"Weather: Sunny Temp: 63 F Humidity: 35%, Wind: SW 9 mph"
0,"<title>November 10, 2019 - Miami Dolphins at Indianapolis Colts Game Statistics</title>",12,16,"Date: November 10, 2019 Location: Indianapolis, IN","Date: November 10, 2019 Location: Indianapolis, IN",Venue: Lucas Oil Stadium Attendance: 60510,"Weather: Mostly sunny Temp: 59 F Humidity: 52%, Wind: WSW 8 mph"
0,"<title>November 10, 2019 - Carolina Panthers at Green Bay Packers Game Statistics</title>",16,24,"Date: November 10, 2019 Location: Green Bay, WI","Date: November 10, 2019 Location: Green Bay, WI",Venue: Lambeau Field Attendance: 78090,"Weather: Cloudy Temp: 34 F Humidity: 59%, Wind: N 6 mph"
0,"<title>November 10, 2019 - Los Angeles Rams at Pittsburgh Steelers Game Statistics</title>",12,17,"Date: November 10, 2019 Location: Pittsburgh, PA","Date: November 10, 2019 Location: Pittsburgh, PA",Venue: Heinz Field Attendance: 63627,"Weather: Clear Temp: 55 F Humidity: 44%, Wind: SW 12 mph"
0,"<title>November 10, 2019 - Minnesota Vikings at Dallas Cowboys Game Statistics</title>",24,28,"Date: November 10, 2019 Location: Arlington, TX","Date: November 10, 2019 Location: Arlington, TX",Venue: AT&T Stadium Attendance: 91188,"Weather: Clear Temp: 67 F Humidity: 47%, Wind: SSE 11 mph"
0,"<title>November 11, 2019 - Seattle Seahawks at San Francisco 49ers Game Statistics</title>",24,27,"Date: November 11, 2019 Location: Santa Clara, CA","Date: November 11, 2019 Location: Santa Clara, CA",Venue: Levi's Stadium Attendance: 71404,"Weather: Mostly clear Temp: 77 F Humidity: 32%, Wind: S 3 mph"
0,"<title>November 14, 2019 - Pittsburgh Steelers at Cleveland Browns Game Statistics</title>",21,7,"Date: November 14, 2019 Location: Cleveland, OH","Date: November 14, 2019 Location: Cleveland, OH",Venue: FirstEnergy Stadium Attendance: 67431,"Weather: Cloudy Temp: 36 F Humidity: 57%, Wind: SW 10 mph"
0,"<title>November 17, 2019 - Houston Texans at Baltimore Ravens Game Statistics</title>",41,7,"Date: November 17, 2019 Location: Baltimore, MD","Date: November 17, 2019 Location: Baltimore, MD",Venue: M&T Bank Stadium Attendance: 70731,"Weather: Cloudy Temp: 44 F Humidity: 56%, Wind: NE 10 mph"
0,"<title>November 17, 2019 - Atlanta Falcons at Carolina Panthers Game Statistics</title>",29,3,"Date: November 17, 2019 Location: Charlotte, NC","Date: November 17, 2019 Location: Charlotte, NC",Venue: Bank of America Stadium Attendance: 73106,"Weather: Partly Cloudy Temp: 51 F Humidity: 50%, Wind: NNE 11 mph"
0,"<title>November 17, 2019 - Dallas Cowboys at Detroit Lions Game Statistics</title>",35,27,"Date: November 17, 2019 Location: Detroit, MI","Date: November 17, 2019 Location: Detroit, MI",Venue: Ford Field Attendance: 61801,Weather: Indoors
0,"<title>November 17, 2019 - Jacksonville Jaguars at Indianapolis Colts Game Statistics</title>",33,13,"Date: November 17, 2019 Location: Indianapolis, IN","Date: November 17, 2019 Location: Indianapolis, IN",Venue: Lucas Oil Stadium Attendance: 61986,Weather: Indoors
0,"<title>November 17, 2019 - Buffalo Bills at Miami Dolphins Game Statistics</title>",37,20,"Date: November 17, 2019 Location: Miami Gardens, FL","Date: November 17, 2019 Location: Miami Gardens, FL",Venue: Hard Rock Stadium Attendance: 64187,"Weather: Cloudy Temp: 62 F Humidity: 74%, Wind: NNW 13 mph"
0,"<title>November 17, 2019 - Denver Broncos at Minnesota Vikings Game Statistics</title>",23,27,"Date: November 17, 2019 Location: Minneapolis, MN","Date: November 17, 2019 Location: Minneapolis, MN",Venue: US Bank Stadium Attendance: 66883,Weather: Indoors
0,"<title>November 17, 2019 - New Orleans Saints at Tampa Bay Buccaneers Game Statistics</title>",34,17,"Date: November 17, 2019 Location: Tampa, FL","Date: November 17, 2019 Location: Tampa, FL",Venue: Raymond James Stadium Attendance: 54333,"Weather: Cloudy Temp: 55 F Humidity: 79%, Wind: NNW 4 mph"
0,"<title>November 17, 2019 - New York Jets at Washington Redskins Game Statistics</title>",34,17,"Date: November 17, 2019 Location: Landover, MD","Date: November 17, 2019 Location: Landover, MD",Venue: FedExField Attendance: 56426,"Weather: Cloudy Temp: 43 F Humidity: 58%, Wind: NE 8 mph"
0,"<title>November 17, 2019 - Arizona Cardinals at San Francisco 49ers Game Statistics</title>",26,36,"Date: November 17, 2019 Location: Santa Clara, CA","Date: November 17, 2019 Location: Santa Clara, CA",Venue: Levi's Stadium Attendance: 69419,"Weather: Sunny Temp: 72 F Humidity: 46%, Wind: 0 mph"
0,"<title>November 17, 2019 - Cincinnati Bengals at Oakland Raiders Game Statistics</title>",10,17,"Date: November 17, 2019 Location: Oakland, CA","Date: November 17, 2019 Location: Oakland, CA",Venue: Oakland-Alameda County Coliseum Attendance: 51921,"Weather: Sunny Temp: 76 F Humidity: 41%, Wind: WNW 13 mph"
0,"<title>November 17, 2019 - New England Patriots at Philadelphia Eagles Game Statistics</title>",17,10,"Date: November 17, 2019 Location: Philadelphia, PA","Date: November 17, 2019 Location: Philadelphia, PA",Venue: Lincoln Financial Field Attendance: 69796,"Weather: Cloudy Temp: 42 FHumidity: 57%, Wind: NNE 13 mph"
0,"<title>November 17, 2019 - Chicago Bears at Los Angeles Rams Game Statistics</title>",7,17,"Date: November 17, 2019 Location: Los Angeles, CA","Date: November 17, 2019 Location: Los Angeles, CA",Venue: Memorial Coliseum Attendance: 70758,Weather: Clear Temp: 79 F Humidity: 20%
0,"<title>November 18, 2019 - Kansas City Chiefs at Los Angeles Chargers Game Statistics</title>",24,17,"Date: November 18, 2019 Location: Mexico City, Mexico","Date: November 18, 2019 Location: Mexico City, Mexico",Venue: Estadio Azteca Attendance: 76252,"Weather: Cloudy Temp: 67 F Humidity: 63%, Wind: WNW 7 mph"
0,"<title>November 21, 2019 - Indianapolis Colts at Houston Texans Game Statistics</title>",20,17,"Date: November 21, 2019 Location: Houston, TX","Date: November 21, 2019 Location: Houston, TX",Venue: NRG Stadium Attendance: 71727,Weather: Indoors
0,"<title>November 24, 2019 - Tampa Bay Buccaneers at Atlanta Falcons Game Statistics</title>",22,35,"Date: November 24, 2019 Location: Atlanta, GA","Date: November 24, 2019 Location: Atlanta, GA",Venue: Mercedes-Benz Stadium Attendance: 71463,Weather: Indoors
0,"<title>November 24, 2019 - Denver Broncos at Buffalo Bills Game Statistics</title>",20,3,"Date: November 24, 2019 Location: Orchard Park, NY","Date: November 24, 2019 Location: Orchard Park, NY",Venue: New Era Field Attendance: 67338,"Weather: Cloudy Temp: 40 F Humidity: 75%, Wind: WSW 17 mph"
0,"<title>November 24, 2019 - New York Giants at Chicago Bears Game Statistics</title>",19,14,"Date: November 24, 2019 Location: Chicago, IL","Date: November 24, 2019 Location: Chicago, IL",Venue: Soldier Field Attendance: 61581,"Weather: Mostly Sunny Temp: 48 F Humidity: 59%, Wind: WSW 12 mph"
0,"<title>November 24, 2019 - Pittsburgh Steelers at Cincinnati Bengals Game Statistics</title>",10,16,"Date: November 24, 2019 Location: Cincinnati, OH","Date: November 24, 2019 Location: Cincinnati, OH",Venue: Paul Brown Stadium Attendance: 47423,"Weather: Partly Sunny Temp: 46 F Humidity: 62%, Wind: WSW 10 mph Gusts to 15 mph"
0,"<title>November 24, 2019 - Miami Dolphins at Cleveland Browns Game Statistics</title>",41,24,"Date: November 24, 2019 Location: Cleveland, OH","Date: November 24, 2019 Location: Cleveland, OH",Venue: FirstEnergy Stadium Attendance: 67431,"Weather: Partly Cloudy Temp: 39 F Humidity: 73%, Wind: W 14 mph"
0,"<title>November 24, 2019 - Carolina Panthers at New Orleans Saints Game Statistics</title>",31,34,"Date: November 24, 2019 Location: New Orleans, LA","Date: November 24, 2019 Location: New Orleans, LA",Venue: Mercedes-Benz Superdome Attendance: 73068,Weather: Indoors
0,"<title>November 24, 2019 - Oakland Raiders at New York Jets Game Statistics</title>",34,3,"Date: November 24, 2019 Location: East Rutherford, NJ","Date: November 24, 2019 Location: East Rutherford, NJ",Venue: MetLife Stadium Attendance: 78523,"Weather: Rain Temp: 43 F Humidity: 93%, Wind: NW 12 mph"
0,"<title>November 24, 2019 - Seattle Seahawks at Philadelphia Eagles Game Statistics</title>",9,17,"Date: November 24, 2019 Location: Philadelphia, PA","Date: November 24, 2019 Location: Philadelphia, PA",Venue: Lincoln Financial Field Attendance: 69796,"Weather: Rain Temp: 40 F Humidity: 78%, Wind: WNW 17 mph"
0,"<title>November 24, 2019 - Detroit Lions at Washington Redskins Game Statistics</title>",16,19,"Date: November 24, 2019 Location: Landover, MD","Date: November 24, 2019 Location: Landover, MD",Venue: FedExField Attendance: 57754,"Weather: Sunny Temp: 46 F Humidity: 56%, Wind: W 17 mph"
0,"<title>November 24, 2019 - Jacksonville Jaguars at Tennessee Titans Game Statistics</title>",20,42,"Date: November 24, 2019 Location: Nashville, TN","Date: November 24, 2019 Location: Nashville, TN",Venue: Nissan Stadium Attendance: 60926,"Weather: Sunny Temp: 52 F Humidity: 54%, Wind: WSW 9 mph"
0,"<title>November 24, 2019 - Dallas Cowboys at New England Patriots Game Statistics</title>",9,13,"Date: November 24, 2019 Location: Foxborough, MA","Date: November 24, 2019 Location: Foxborough, MA",Venue: Gillette Stadium Attendance: 65878,"Weather: Rain Temp: 38 F Humidity: 90%, Wind: NNW 16 mph"
0,"<title>November 24, 2019 - Green Bay Packers at San Francisco 49ers Game Statistics</title>",8,37,"Date: November 24, 2019 Location: Santa Clara, CA","Date: November 24, 2019 Location: Santa Clara, CA",Venue: Levi's Stadium Attendance: 71500,"Weather: Clear Temp: 63 FHumidity: 40%, Wind: NW 7 mph"
0,"<title>November 25, 2019 - Baltimore Ravens at Los Angeles Rams Game Statistics</title>",45,6,"Date: November 25, 2019 Location: Los Angeles, CA","Date: November 25, 2019 Location: Los Angeles, CA",Venue: Memorial Coliseum Attendance: 72409,"Weather: Clear Temp: 62 F Humidity: 64%, Wind: WSW 5 mph"
0,"<title>November 28, 2019 - Chicago Bears at Detroit Lions Game Statistics</title>",24,20,"Date: November 28, 2019 Location: Detroit, MI","Date: November 28, 2019 Location: Detroit, MI",Venue: Ford Field Attendance: 65412,Weather: Indoors
0,"<title>November 28, 2019 - Buffalo Bills at Dallas Cowboys Game Statistics</title>",26,15,"Date: November 28, 2019 Location: Arlington, TX","Date: November 28, 2019 Location: Arlington, TX",Venue: AT&T Stadium Attendance: 90445,"Weather: Temp: 47 F Humidity: 87% Wind: ENE, 7 mph,"
0,"<title>November 28, 2019 - New Orleans Saints at Atlanta Falcons Game Statistics</title>",18,26,"Date: November 28, 2019 Location: Atlanta, GA","Date: November 28, 2019 Location: Atlanta, GA",Venue: Mercedes-Benz Stadium Attendance: 71993,Weather: Indoors
0,"<title>December 1, 2019 - San Francisco 49ers at Baltimore Ravens Game Statistics</title>",20,17,"Date: December 1, 2019 Location: Baltimore, MD","Date: December 1, 2019 Location: Baltimore, MD",Venue: M&T Bank Stadium Attendance: 71029,"Weather: Rain Temp: 40 F Humidity: 91%, Wind: E 13 mph"
0,"<title>December 1, 2019 - Washington Redskins at Carolina Panthers Game Statistics</title>",21,29,"Date: December 1, 2019 Location: Charlotte, NC","Date: December 1, 2019 Location: Charlotte, NC",Venue: Bank of America Stadium Attendance: 71504,"Weather: Cloudy Temp: 64 F Humidity: 77%, Wind: WSW 16 mph"
0,"<title>December 1, 2019 - New York Jets at Cincinnati Bengals Game Statistics</title>",22,6,"Date: December 1, 2019 Location: Cincinnati, OH","Date: December 1, 2019 Location: Cincinnati, OH",Venue: Paul Brown Stadium Attendance: 39804,"Weather: Cloudy Temp: 46 F Humidity: 77%, Wind: SW 15 mph Gusts to 28 mph"
0,"<title>December 1, 2019 - Tennessee Titans at Indianapolis Colts Game Statistics</title>",17,31,"Date: December 1, 2019 Location: Indianapolis, IN","Date: December 1, 2019 Location: Indianapolis, IN",Venue: Lucas Oil Stadium Attendance: 60361,Weather: Indoors
0,"<title>December 1, 2019 - Tampa Bay Buccaneers at Jacksonville Jaguars Game Statistics</title>",11,28,"Date: December 1, 2019 Location: Jacksonville, FL","Date: December 1, 2019 Location: Jacksonville, FL",Venue: TIAA Bank Field Attendance: 62633,"Weather: Showers Temp: 77 F Humidity: 77%, Wind: SW 15mph"
0,"<title>December 1, 2019 - Philadelphia Eagles at Miami Dolphins Game Statistics</title>",37,31,"Date: December 1, 2019 Location: Miami Gardens, FL","Date: December 1, 2019 Location: Miami Gardens, FL",Venue: Hard Rock Stadium Attendance: 65545,"Weather: Partly Cloudy Temp: 82 F Humidity: 55%, Wind: S 15 mph"
0,"<title>December 1, 2019 - Green Bay Packers at New York Giants Game Statistics</title>",31,13,"Date: December 1, 2019 Location: East Rutherford, NJ","Date: December 1, 2019 Location: East Rutherford, NJ",Venue: MetLife Stadium Attendance: 75950,"Weather: Freezing Rain Temp: 32 F Humidity: 86%, Wind: NE 10 mph"
0,"<title>December 1, 2019 - Cleveland Browns at Pittsburgh Steelers Game Statistics</title>",13,20,"Date: December 1, 2019 Location: Pittsburgh, PA","Date: December 1, 2019 Location: Pittsburgh, PA",Venue: Heinz Field Attendance: 62157,"Weather: Mostly Cloudy Temp: 46 F Humidity: 91%, Wind: SE 6 mph"
0,"<title>December 1, 2019 - Los Angeles Rams at Arizona Cardinals Game Statistics</title>",7,34,"Date: December 1, 2019 Location: Glendale, AZ","Date: December 1, 2019 Location: Glendale, AZ",Venue: State Farm Stadium Attendance: 60944,Weather: Indoors
0,"<title>December 1, 2019 - Los Angeles Chargers at Denver Broncos Game Statistics</title>",23,20,"Date: December 1, 2019 Location: Denver, CO","Date: December 1, 2019 Location: Denver, CO",Venue: Broncos Stadium Attendance: 74638,"Weather: Mostly Sunny Temp: 33 F Humidity: 51%, Wind: E 7 mph"
0,"<title>December 1, 2019 - Oakland Raiders at Kansas City Chiefs Game Statistics</title>",40,9,"Date: December 1, 2019 Location: Kansas City, MO","Date: December 1, 2019 Location: Kansas City, MO",Venue: Arrowhead Stadium Attendance: 73548,"Weather: Cloudy Temp: 36 F Humidity: 55%, Wind: NW 20 mph"
0,"<title>December 1, 2019 - New England Patriots at Houston Texans Game Statistics</title>",28,22,"Date: December 1, 2019 Location: Houston, TX","Date: December 1, 2019 Location: Houston, TX",Venue: NRG Stadium Attendance: 72025,Weather: Indoors
0,"<title>December 2, 2019 - Minnesota Vikings at Seattle Seahawks Game Statistics</title>",30,37,"Date: December 2, 2019 Location: Seattle, WA","Date: December 2, 2019 Location: Seattle, WA",Venue: CenturyLink Field Attendance: 69080,"Weather: Clear Temp: 51 F Humidity: 65%, Wind: SSE 1 mph"
0,"<title>December 5, 2019 - Dallas Cowboys at Chicago Bears Game Statistics</title>",31,24,"Date: December 5, 2019 Location: Chicago, IL","Date: December 5, 2019 Location: Chicago, IL",Venue: Soldier Field Attendance: 61276,"Weather: Mostly Cloudy Temp: 44 F Humidity: 66%, Wind: S 9 mph"
0,"<title>December 8, 2019 - Carolina Panthers at Atlanta Falcons Game Statistics</title>",40,20,"Date: December 8, 2019 Location: Atlanta, GA","Date: December 8, 2019 Location: Atlanta, GA",Venue: Mercedes-Benz Stadium Attendance: 70592,Weather: Indoors
0,"<title>December 8, 2019 - Baltimore Ravens at Buffalo Bills Game Statistics</title>",24,17,"Date: December 8, 2019 Location: Orchard Park, NY","Date: December 8, 2019 Location: Orchard Park, NY",Venue: New Era Field Attendance: 69134,"Weather: Cloudy Temp: 43 F Humidity: 48%, Wind: SSW 18 mph"
0,"<title>December 8, 2019 - Cincinnati Bengals at Cleveland Browns Game Statistics</title>",19,27,"Date: December 8, 2019 Location: Cleveland, OH","Date: December 8, 2019 Location: Cleveland, OH",Venue: FirstEnergy Stadium Attendance: 67431,"Weather: Sunny Temp: 48 F Humidity: 58%, Wind: S 16 mph"
0,"<title>December 8, 2019 - Washington Redskins at Green Bay Packers Game Statistics</title>",20,15,"Date: December 8, 2019 Location: Green Bay, WI","Date: December 8, 2019 Location: Green Bay, WI",Venue: Lambeau Field Attendance: 77296,"Weather: Cloudy Temp: 37 F Humidity: 75%, Wind: SW 10 mph"
0,"<title>December 8, 2019 - Denver Broncos at Houston Texans Game Statistics</title>",38,24,"Date: December 8, 2019 Location: Houston, TX","Date: December 8, 2019 Location: Houston, TX",Venue: NRG Stadium Attendance: 71769,Weather: Indoors
0,"<title>December 8, 2019 - Detroit Lions at Minnesota Vikings Game Statistics</title>",7,20,"Date: December 8, 2019 Location: Minneapolis, MN","Date: December 8, 2019 Location: Minneapolis, MN",Venue: US Bank Stadium Attendance: 66776,Weather: Indoors
0,"<title>December 8, 2019 - San Francisco 49ers at New Orleans Saints Game Statistics</title>",46,48,"Date: December 8, 2019 Location: New Orleans, LA","Date: December 8, 2019 Location: New Orleans, LA",Venue: Mercedes-Benz Superdome Attendance: 73038,Weather: Indoors
0,"<title>December 8, 2019 - Miami Dolphins at New York Jets Game Statistics</title>",21,22,"Date: December 8, 2019 Location: East Rutherford, NJ","Date: December 8, 2019 Location: East Rutherford, NJ",Venue: MetLife Stadium Attendance: 78523,"Weather: Mostly Sunny Temp: 41 F Humidity: 47%, Wind: SW 9 mph"
0,"<title>December 8, 2019 - Indianapolis Colts at Tampa Bay Buccaneers Game Statistics</title>",35,38,"Date: December 8, 2019 Location: Tampa, FL","Date: December 8, 2019 Location: Tampa, FL",Venue: Raymond James Stadium Attendance: 50232,"Weather: Cloudy Temp: 78 F Humidity: 58%, Wind: ESE 9 mph"
0,"<title>December 8, 2019 - Los Angeles Chargers at Jacksonville Jaguars Game Statistics</title>",10,45,"Date: December 8, 2019 Location: Jacksonville, FL","Date: December 8, 2019 Location: Jacksonville, FL",Venue: TIAA Bank Field Attendance: 57866,"Weather: Overcast Temp: 62 F Humidity: 89%, Wind: ESE 7-12mph"
0,"<title>December 8, 2019 - Pittsburgh Steelers at Arizona Cardinals Game Statistics</title>",17,23,"Date: December 8, 2019 Location: Glendale, AZ","Date: December 8, 2019 Location: Glendale, AZ",Venue: State Farm Stadium Attendance: 63880,Weather: Indoors
0,"<title>December 8, 2019 - Kansas City Chiefs at New England Patriots Game Statistics</title>",23,16,"Date: December 8, 2019 Location: Foxborough, MA","Date: December 8, 2019 Location: Foxborough, MA",Venue: Gillette Stadium Attendance: 65878,"Weather: Cloudy Temp: 32 F Humidity: 56%, Wind: S 8 mph"
0,"<title>December 8, 2019 - Tennessee Titans at Oakland Raiders Game Statistics</title>",21,42,"Date: December 8, 2019 Location: Oakland, CA","Date: December 8, 2019 Location: Oakland, CA",Venue: Oakland-Alameda County Coliseum Attendance: 52760,"Weather: Cloudy Temp: 59 F Humidity: 78%, Wind: W 5 mph"
0,"<title>December 8, 2019 - Seattle Seahawks at Los Angeles Rams Game Statistics</title>",28,12,"Date: December 8, 2019 Location: Los Angeles, CA","Date: December 8, 2019 Location: Los Angeles, CA",Venue: Memorial Coliseum Attendance: 71501,"Weather: Cloudy Temp: 60 F Humidity: 79%, Wind: SW 4 mph"
0,"<title>December 9, 2019 - New York Giants at Philadelphia Eagles Game Statistics</title>",17,23,"Date: December 9, 2019 Location: Philadelphia, PA","Date: December 9, 2019 Location: Philadelphia, PA",Venue: Lincoln Financial Field Attendance: 69796,"Weather: Rain Temp: 53 F Humidity: 87%, Wind: SW 11 mph"
0,"<title>December 12, 2019 - New York Jets at Baltimore Ravens Game Statistics</title>",42,21,"Date: December 12, 2019 Location: Baltimore, MD","Date: December 12, 2019 Location: Baltimore, MD",Venue: M&T Bank Stadium Attendance: 70545,"Weather: Partly Cloudy Temp: 33 F Humidity: 55%, Wind: SSE 3 mph"
0,"<title>December 15, 2019 - Seattle Seahawks at Carolina Panthers Game Statistics</title>",24,30,"Date: December 15, 2019 Location: Charlotte, NC","Date: December 15, 2019 Location: Charlotte, NC",Venue: Bank of America Stadium Attendance: 72544,"Weather: Sunny Temp: 56 F Humidity: 45%, Wind: SW 5 mph"
0,"<title>December 15, 2019 - New England Patriots at Cincinnati Bengals Game Statistics</title>",13,34,"Date: December 15, 2019 Location: Cincinnati, OH","Date: December 15, 2019 Location: Cincinnati, OH",Venue: Paul Brown Stadium Attendance: 57066,"Weather: Cloudy Temp: 36 F Humidity: 58%, Wind: WNW 6 mph Gusts to 8 mph"
0,"<title>December 15, 2019 - Tampa Bay Buccaneers at Detroit Lions Game Statistics</title>",17,38,"Date: December 15, 2019 Location: Detroit, MI","Date: December 15, 2019 Location: Detroit, MI",Venue: Ford Field Attendance: 56515,Weather: Indoors
0,"<title>December 15, 2019 - Chicago Bears at Green Bay Packers Game Statistics</title>",13,21,"Date: December 15, 2019 Location: Green Bay, WI","Date: December 15, 2019 Location: Green Bay, WI",Venue: Lambeau Field Attendance: 78266,"Weather: Sunny Temp: 11 F Humidity: 70%, Wind: W 7 mph"
0,"<title>December 15, 2019 - Denver Broncos at Kansas City Chiefs Game Statistics</title>",3,23,"Date: December 15, 2019 Location: Kansas City, MO","Date: December 15, 2019 Location: Kansas City, MO",Venue: Arrowhead Stadium Attendance: 73257,"Weather: Snow Temp: 24 F Humidity: 88%, Wind: E 8 mph"
0,"<title>December 15, 2019 - Miami Dolphins at New York Giants Game Statistics</title>",20,36,"Date: December 15, 2019 Location: East Rutherford, NJ","Date: December 15, 2019 Location: East Rutherford, NJ",Venue: MetLife Stadium Attendance: 72894,"Weather: Cloudy Temp: 48 F Humidity: 42%, Wind: WNW 19 mph"
0,"<title>December 15, 2019 - Houston Texans at Tennessee Titans Game Statistics</title>",24,21,"Date: December 15, 2019 Location: Nashville, TN","Date: December 15, 2019 Location: Nashville, TN",Venue: Nissan Stadium Attendance: 65265,"Weather: Cloudy Temp: 45 F Humidity: 71%, Wind: SE 4 mph"
0,"<title>December 15, 2019 - Philadelphia Eagles at Washington Redskins Game Statistics</title>",37,27,"Date: December 15, 2019 Location: Landover, MD","Date: December 15, 2019 Location: Landover, MD",Venue: FedExField Attendance: 63246,"Weather: Sunny Temp: 52 F Humidity: 44%, Wind: W13 mph"
0,"<title>December 15, 2019 - Cleveland Browns at Arizona Cardinals Game Statistics</title>",38,24,"Date: December 15, 2019 Location: Glendale, AZ","Date: December 15, 2019 Location: Glendale, AZ",Venue: State Farm Stadium Attendance: 63345,"Weather: Sunny Temp: 66 F Humidity: 24%, Wind: WSW 11 mph"
0,"<title>December 15, 2019 - Minnesota Vikings at Los Angeles Chargers Game Statistics</title>",10,39,"Date: December 15, 2019 Location: Carson, CA","Date: December 15, 2019 Location: Carson, CA",Venue: Dignity Healh Sports Park Attendance: 25446,"Weather: Sunny Temp: 64 F Humidity: 28%, Wind: NW 14 mph"
0,"<title>December 15, 2019 - Jacksonville Jaguars at Oakland Raiders Game Statistics</title>",20,16,"Date: December 15, 2019 Location: Oakland, CA","Date: December 15, 2019 Location: Oakland, CA",Venue: Oakland-Alameda County Coliseum Attendance: 52788,"Weather: Sunny Temp: 59 F Humidity: 52%, Wind: W 7 mph"
0,"<title>December 15, 2019 - Los Angeles Rams at Dallas Cowboys Game Statistics</title>",44,21,"Date: December 15, 2019 Location: Arlington, TX","Date: December 15, 2019 Location: Arlington, TX",Venue: AT&T Stadium Attendance: 90436,"Weather: Sunny Temp: 76 F Humidity: 47%, Wind: SSW 9 mph"
0,"<title>December 15, 2019 - Atlanta Falcons at San Francisco 49ers Game Statistics</title>",29,22,"Date: December 15, 2019 Location: Santa Clara, CA","Date: December 15, 2019 Location: Santa Clara, CA",Venue: Levi's Stadium Attendance: 70910,"Weather: Partly Cloudy Temp: 55 F Humidity: 58%, Wind: NNWt 6 mph"
0,"<title>December 15, 2019 - Buffalo Bills at Pittsburgh Steelers Game Statistics</title>",17,10,"Date: December 15, 2019 Location: Pittsburgh, PA","Date: December 15, 2019 Location: Pittsburgh, PA",Venue: Heinz Field Attendance: 64694,"Weather: Cloudy Temp: 31 F (Humidity: 67%, Wind: W 6 mph"
0,"<title>December 16, 2019 - Indianapolis Colts at New Orleans Saints Game Statistics</title>",7,34,"Date: December 16, 2019 Location: New Orleans, LA","Date: December 16, 2019 Location: New Orleans, LA",Venue: Mercedes-Benz Superdome Attendance: 73053,Weather: Indoors
0,"<title>December 21, 2019 - Houston Texans at Tampa Bay Buccaneers Game Statistics</title>",23,20,"Date: December 21, 2019 Location: Tampa, FL","Date: December 21, 2019 Location: Tampa, FL",Venue: Raymond James Stadium Attendance: 49036,"Weather: Cloudy Temp: 73 F Humidity: 65%, Wind: E 11 mph"
0,"<title>December 21, 2019 - Buffalo Bills at New England Patriots Game Statistics</title>",17,24,"Date: December 21, 2019 Location: Foxborough, MA","Date: December 21, 2019 Location: Foxborough, MA",Venue: Gillette Stadium Attendance: 65878,"Weather: Cloudy Temp: 33 F Humidity: 64%, Wind: S 2 mph"
0,"<title>December 21, 2019 - Los Angeles Rams at San Francisco 49ers Game Statistics</title>",31,34,"Date: December 21, 2019 Location: Santa Clara, CA","Date: December 21, 2019 Location: Santa Clara, CA",Venue: Levi's Stadium Attendance: 70103,"Weather: Cloudy Temp: 58 F Humidity: 66%, Wind: SW 12 mph"
0,"<title>December 22, 2019 - Jacksonville Jaguars at Atlanta Falcons Game Statistics</title>",24,12,"Date: December 22, 2019 Location: Atlanta, GA","Date: December 22, 2019 Location: Atlanta, GA",Venue: Mercedes-Benz Stadium Attendance: 70873,Weather: Indoors
0,"<title>December 22, 2019 - Baltimore Ravens at Cleveland Browns Game Statistics</title>",31,15,"Date: December 22, 2019 Location: Cleveland, OH","Date: December 22, 2019 Location: Cleveland, OH",Venue: FirstEnergy Stadium Attendance: 67431,"Weather: Sunny Temp: 49 F Humidity: 41%, Wind: S 10 mph"
0,"<title>December 22, 2019 - Carolina Panthers at Indianapolis Colts Game Statistics</title>",6,38,"Date: December 22, 2019 Location: Indianapolis, IN","Date: December 22, 2019 Location: Indianapolis, IN",Venue: Lucas Oil Stadium Attendance: 61845,"Weather: Sunny Temp: 45 F Humidity: 57%, Wind: S 3 mph"
0,"<title>December 22, 2019 - Cincinnati Bengals at Miami Dolphins Game Statistics</title>",35,38,"Date: December 22, 2019 Location: Miami Gardens, FL","Date: December 22, 2019 Location: Miami Gardens, FL",Venue: Hard Rock Stadium Attendance: 60968,"Weather: Cloudy Temp: 76 F Humidity: 68%, Wind: ESE 15 mph"
0,"<title>December 22, 2019 - Pittsburgh Steelers at New York Jets Game Statistics</title>",16,10,"Date: December 22, 2019 Location: East Rutherford, NJ","Date: December 22, 2019 Location: East Rutherford, NJ",Venue: MetLife Stadium Attendance: 78523,"Weather: Sunny Temp: 45 F Humidity: 52%, Wind: SW 6 mph"
0,"<title>December 22, 2019 - New Orleans Saints at Tennessee Titans Game Statistics</title>",38,28,"Date: December 22, 2019 Location: Nashville, TN","Date: December 22, 2019 Location: Nashville, TN",Venue: Nissan Stadium Attendance: 66756,"Weather: Cloudy Temp: 50 F Humidity: 59%, Wind: NE 4 mph"
0,"<title>December 22, 2019 - New York Giants at Washington Redskins Game Statistics</title>",41,35,"Date: December 22, 2019 Location: Landover, MD","Date: December 22, 2019 Location: Landover, MD",Venue: FedExField Attendance: 66083,"Weather: Clear Temp: 44 F Humidity: 52%, Wind: SSW 6 mph"
0,"<title>December 22, 2019 - Detroit Lions at Denver Broncos Game Statistics</title>",27,17,"Date: December 22, 2019 Location: Denver, CO","Date: December 22, 2019 Location: Denver, CO",Venue: Broncos Stadium Attendance: 74115,"Weather: Mostly Cloudy Temp: 67 F Humidity: 8%, Wind: E 3 mph"
0,"<title>December 22, 2019 - Oakland Raiders at Los Angeles Chargers Game Statistics</title>",17,24,"Date: December 22, 2019 Location: Carson, CA","Date: December 22, 2019 Location: Carson, CA",Venue: Dignity Healh Sports Park Attendance: 25380,"Weather: Partly Cloudy Temp: 64 F Humidity: 60%, Wind: SE 10 mph"
0,"<title>December 22, 2019 - Dallas Cowboys at Philadelphia Eagles Game Statistics</title>",9,17,"Date: December 22, 2019 Location: Philadelphia, PA","Date: December 22, 2019 Location: Philadelphia, PA",Venue: Lincoln Financial Field Attendance: 69796,"Weather: Clear Temp: 47 F Humidity: 46%, Wind: WSW 7 mph"
0,"<title>December 22, 2019 - Arizona Cardinals at Seattle Seahawks Game Statistics</title>",27,13,"Date: December 22, 2019 Location: Seattle, WA","Date: December 22, 2019 Location: Seattle, WA",Venue: CenturyLink Field Attendance: 69022,"Weather: Cloudy Temp: 43 F Humidity: 87%, Wind: N 7 mph"
0,"<title>December 22, 2019 - Kansas City Chiefs at Chicago Bears Game Statistics</title>",3,26,"Date: December 22, 2019 Location: Chicago, IL","Date: December 22, 2019 Location: Chicago, IL",Venue: Soldier Field Attendance: 62213,"Weather: Clear Temp: 45 F Humidity: 66%, Wind: SW 10 mph"
0,"<title>December 23, 2019 - Green Bay Packers at Minnesota Vikings Game Statistics</title>",23,10,"Date: December 23, 2019 Location: Minneapolis, MN","Date: December 23, 2019 Location: Minneapolis, MN",Venue: US Bank Stadium Attendance: 67157,Weather: Indoors
0,"<title>December 29, 2019 - New York Jets at Buffalo Bills Game Statistics</title>",6,13,"Date: December 29, 2019 Location: Orchard Park, NY","Date: December 29, 2019 Location: Orchard Park, NY",Venue: New Era Field Attendance: 69016,"Weather: Rain Temp: 43 F Humidity: 85%, Wind: ESE 7 mph"
0,"<title>December 29, 2019 - New Orleans Saints at Carolina Panthers Game Statistics</title>",10,42,"Date: December 29, 2019 Location: Charlotte, NC","Date: December 29, 2019 Location: Charlotte, NC",Venue: Bank of America Stadium Attendance: 72203,"Weather: Cloudy Temp: 63 F Humidity: 89%, Wind: S 9 mph"
0,"<title>December 29, 2019 - Cleveland Browns at Cincinnati Bengals Game Statistics</title>",33,23,"Date: December 29, 2019 Location: Cincinnati, OH","Date: December 29, 2019 Location: Cincinnati, OH",Venue: Paul Brown Stadium Attendance: 47759,"Weather: Rain Temp: 64 F Humidity: 80%, Wind: S 7 mph Gusts to 12 mph"
0,"<title>December 29, 2019 - Green Bay Packers at Detroit Lions Game Statistics</title>",20,23,"Date: December 29, 2019 Location: Detroit, MI","Date: December 29, 2019 Location: Detroit, MI",Venue: Ford Field Attendance: 62840,Weather: Indoors
0,"<title>December 29, 2019 - Los Angeles Chargers at Kansas City Chiefs Game Statistics</title>",31,21,"Date: December 29, 2019 Location: Kansas City, MO","Date: December 29, 2019 Location: Kansas City, MO",Venue: Arrowhead Stadium Attendance: 73680,"Weather: Cloudy Temp: 40 F Humidity: 70%, Wind: SW 16 mph"
0,"<title>December 29, 2019 - Chicago Bears at Minnesota Vikings Game Statistics</title>",21,19,"Date: December 29, 2019 Location: Minneapolis, MN","Date: December 29, 2019 Location: Minneapolis, MN",Venue: US Bank Stadium Attendance: 66913,Weather: Indoors
0,"<title>December 29, 2019 - Miami Dolphins at New England Patriots Game Statistics</title>",27,24,"Date: December 29, 2019 Location: Foxborough, MA","Date: December 29, 2019 Location: Foxborough, MA",Venue: Gillette Stadium Attendance: 65878,"Weather: Partly Cloudy Temp: 43 F Humidity: 41%, Wind: N 2 mph"
0,"<title>December 29, 2019 - Atlanta Falcons at Tampa Bay Buccaneers Game Statistics</title>",28,22,"Date: December 29, 2019 Location: Tampa, FL","Date: December 29, 2019 Location: Tampa, FL",Venue: Raymond James Stadium Attendance: 50417,"Weather: Cloudy Temp: 78 F Humidity: 77%, Wind: SSE 12 mph"
0,"<title>December 29, 2019 - Pittsburgh Steelers at Baltimore Ravens Game Statistics</title>",28,10,"Date: December 29, 2019 Location: Baltimore, MD","Date: December 29, 2019 Location: Baltimore, MD",Venue: M&T Bank Stadium Attendance: 70695,"Weather: Rain Temp: 46 F Humidity: 91%, Wind: E 7 mph"
0,"<title>December 29, 2019 - Washington Redskins at Dallas Cowboys Game Statistics</title>",47,16,"Date: December 29, 2019 Location: Arlington, TX","Date: December 29, 2019 Location: Arlington, TX",Venue: AT&T Stadium Attendance: 90646,Weather: Indoors
0,"<title>December 29, 2019 - Oakland Raiders at Denver Broncos Game Statistics</title>",16,15,"Date: December 29, 2019 Location: Denver, CO","Date: December 29, 2019 Location: Denver, CO",Venue: Broncos Stadium Attendance: 76334,"Weather: Sunny Temp: 31 F Humidity: 43%, Wind: E 6 mph"
0,"<title>December 29, 2019 - Tennessee Titans at Houston Texans Game Statistics</title>",14,35,"Date: December 29, 2019 Location: Houston, TX","Date: December 29, 2019 Location: Houston, TX",Venue: NRG Stadium Attendance: 71794,Weather: Indoors
0,"<title>December 29, 2019 - Indianapolis Colts at Jacksonville Jaguars Game Statistics</title>",20,38,"Date: December 29, 2019 Location: Jacksonville, FL","Date: December 29, 2019 Location: Jacksonville, FL",Venue: TIAA Bank Field Attendance: 58472,"Weather: Cloudy Temp: 74 F Humidity: 91%, Wind: SSE 6mph"
0,"<title>December 29, 2019 - Arizona Cardinals at Los Angeles Rams Game Statistics</title>",24,31,"Date: December 29, 2019 Location: Los Angeles, CA","Date: December 29, 2019 Location: Los Angeles, CA",Venue: Memorial Coliseum Attendance: 68665,"Weather: Cloudy Temp: 62 F Humidity: 47%, Wind: 0 mph"
0,"<title>December 29, 2019 - Philadelphia Eagles at New York Giants Game Statistics</title>",17,34,"Date: December 29, 2019 Location: East Rutherford, NJ","Date: December 29, 2019 Location: East Rutherford, NJ",Venue: MetLife Stadium Attendance: 75029,"Weather: Rain Temp: 42 F Humidity: 69%, Wind: E 5 mph"
0,"<title>December 29, 2019 - San Francisco 49ers at Seattle Seahawks Game Statistics</title>",26,21,"Date: December 29, 2019 Location: Seattle, WA","Date: December 29, 2019 Location: Seattle, WA",Venue: CenturyLink Field Attendance: 69162,"Weather: Partly cloudy Temp: 51 F Humidity: 70%, Wind: S 3 mph"
0,"<title>January 4, 2020 - Buffalo Bills at Houston Texans Game Statistics</title>",19,22,"Date: January 4, 2020 Location: Houston, TX","Date: January 4, 2020 Location: Houston, TX",Venue: NRG Stadium Attendance: 71699,Weather: Indoors
0,"<title>January 4, 2020 - Tennessee Titans at New England Patriots Game Statistics</title>",20,13,"Date: January 4, 2020 Location: Foxborough, MA","Date: January 4, 2020 Location: Foxborough, MA",Venue: Gillette Stadium Attendance: 65878,"Weather: Foggy Temp: 44 F Humidity: 88%, Wind: N 4 mph"
0,"<title>January 5, 2020 - Minnesota Vikings at New Orleans Saints Game Statistics</title>",26,20,"Date: January 5, 2020 Location: New Orleans, LA","Date: January 5, 2020 Location: New Orleans, LA",Venue: Mercedes-Benz Superdome Attendance: 73038,Weather: Indoors
0,"<title>January 5, 2020 - Seattle Seahawks at Philadelphia Eagles Game Statistics</title>",17,9,"Date: January 5, 2020 Location: Philadelphia, PA","Date: January 5, 2020 Location: Philadelphia, PA",Venue: Lincoln Financial Field Attendance: 69796,"Weather: Cloudy Temp: 41 F Humidity: 40%, Wind: WNW 17 mph"
0,"<title>January 11, 2020 - Minnesota Vikings at San Francisco 49ers Game Statistics</title>",10,27,"Date: January 11, 2020 Location: Santa Clara, CA","Date: January 11, 2020 Location: Santa Clara, CA",Venue: Levi's Stadium Attendance: 71649,"Weather: Partly Cloudy Temp: 56 F Humidity: 67%, Wind: NNW 11 mph"
0,"<title>January 11, 2020 - Tennessee Titans at Baltimore Ravens Game Statistics</title>",28,12,"Date: January 11, 2020 Location: Baltimore, MD","Date: January 11, 2020 Location: Baltimore, MD",Venue: M&T Bank Stadium Attendance: 71254,"Weather: Cloudy Temp: 69 F Humidity: 70%, Wind: S 12 mph"
0,"<title>January 12, 2020 - Houston Texans at Kansas City Chiefs Game Statistics</title>",31,51,"Date: January 12, 2020 Location: Kansas City, MO","Date: January 12, 2020 Location: Kansas City, MO",Venue: Arrowhead Stadium Attendance: 73503,"Weather: Cloudy Temp: 29 F Humidity: 82%, Wind: SE 12 mph"
0,"<title>January 12, 2020 - Seattle Seahawks at Green Bay Packers Game Statistics</title>",23,28,"Date: January 12, 2020 Location: Green Bay, WI","Date: January 12, 2020 Location: Green Bay, WI",Venue: Lambeau Field Attendance: 78998,"Weather: Cloudy Temp: 23 F Humidity: 74%, Wind: NE 8 mph"
0,"<title>January 19, 2020 - Tennessee Titans at Kansas City Chiefs Game Statistics</title>",24,35,"Date: January 19, 2020 Location: Kansas City, MO","Date: January 19, 2020 Location: Kansas City, MO",Venue: Arrowhead Stadium Attendance: 73656,"Weather: Sunny Temp: 17 F Humidity: 46%, Wind: NW 10 mph"
0,"<title>January 19, 2020 - Green Bay Packers at San Francisco 49ers Game Statistics</title>",20,37,"Date: January 19, 2020 Location: Santa Clara, CA","Date: January 19, 2020 Location: Santa Clara, CA",Venue: Levi's Stadium Attendance: 72211,"Weather: Cloudy Temp: 58 F Humidity: 56%, Wind: NNW 5 mph"
0,"<title>February 2, 2020 - Super Bowl LIV - San Francisco 49ers at Kansas City Chiefs Game Statistics</title>",20,31,"Date: February 2, 2020 Location: Miami Gardens, FL","Date: February 2, 2020 Location: Miami Gardens, FL",Venue: Hard Rock Stadium Attendance: 62417,"Weather: Mostly Sunny Temp: 64 F Humidity: 48%, Wind: N 7 mph"
